#
#
#  Percent Identity  Matrix - created by Clustal2.1 
#
#

     1: Homo_sapiens                     100.00   99.66   99.59   98.99   98.92   98.38   98.31   98.24   98.38   98.31   97.77   96.82   96.96   96.62   96.62   96.28   94.27   92.36   93.65   92.77   91.54   92.84   92.03   90.65   91.27   90.34   92.30   90.66   90.66   90.80   90.87   91.89   91.55   91.08   90.87   92.00   90.00   88.99   86.68   86.00   86.53   85.97   83.93   79.04   78.77
     2: Pan_troglodytes                   99.66  100.00   99.66   99.05   98.99   98.45   98.38   98.31   98.45   98.38   97.84   96.89   97.03   96.69   96.69   96.35   94.34   92.43   93.72   92.84   91.63   92.91   92.09   90.72   91.33   90.41   92.36   90.73   90.73   90.87   90.93   91.96   91.62   91.28   90.94   92.07   90.07   89.05   86.82   86.13   86.53   86.03   84.07   79.04   78.77
     3: Gorilla_gorilla_gorilla           99.59   99.66  100.00   98.99   99.05   98.51   98.45   98.38   98.51   98.45   97.91   96.96   97.09   96.76   96.76   96.42   94.54   92.64   93.78   92.91   91.63   92.97   92.23   90.85   91.60   90.54   92.50   90.87   90.87   91.00   91.07   92.09   91.76   91.28   91.01   92.14   90.20   89.19   86.88   86.20   86.66   86.10   84.14   79.17   78.90
     4: Nomascus_leucogenys               98.99   99.05   98.99  100.00   98.58   98.31   98.24   98.18   98.31   98.24   97.70   96.82   96.76   96.49   96.49   96.22   94.20   92.16   93.31   92.70   91.44   92.57   92.03   90.72   91.40   90.20   92.30   90.39   90.39   90.66   90.59   91.62   91.28   90.87   90.80   91.73   89.93   88.92   86.41   85.72   86.26   85.63   84.00   78.90   78.83
     5: Pongo_abelii                      98.92   98.99   99.05   98.58  100.00   98.11   98.04   98.11   98.11   98.04   97.64   96.76   96.76   96.49   96.62   96.35   94.20   92.09   93.31   92.50   91.14   92.50   91.89   90.58   91.20   90.07   92.09   90.39   90.39   90.52   90.59   91.49   91.15   90.74   90.67   91.73   90.07   88.99   86.27   85.66   86.12   85.69   84.14   79.04   78.77
     6: Macaca_mulatta                    98.38   98.45   98.51   98.31   98.11  100.00   99.93   99.86   99.86   99.66   98.99   96.96   97.03   96.62   96.55   96.49   94.41   92.44   93.72   92.51   91.15   92.64   92.03   90.79   91.27   90.14   92.30   90.46   90.33   90.46   90.53   91.83   91.36   90.74   90.81   91.87   90.01   89.13   86.49   85.87   86.13   85.57   84.28   79.05   79.19
     7: Macaca_fascicularis               98.31   98.38   98.45   98.24   98.04   99.93  100.00   99.93   99.80   99.59   98.92   96.89   96.96   96.56   96.49   96.42   94.34   92.37   93.65   92.44   91.05   92.57   91.96   90.72   91.20   90.07   92.23   90.40   90.26   90.40   90.46   91.76   91.29   90.68   90.74   91.80   89.94   89.06   86.42   85.80   86.06   85.50   84.21   78.98   79.12
     8: Macaca_nemestrina                 98.24   98.31   98.38   98.18   98.11   99.86   99.93  100.00   99.73   99.53   98.85   96.83   96.89   96.49   96.55   96.49   94.41   92.30   93.59   92.37   90.95   92.51   91.90   90.65   91.14   90.01   92.17   90.33   90.19   90.33   90.40   91.69   91.22   90.61   90.68   91.73   90.01   89.13   86.35   85.73   85.99   85.50   84.21   79.05   79.19
     9: Papio_anubis                      98.38   98.45   98.51   98.31   98.11   99.86   99.80   99.73  100.00   99.66   98.99   96.96   97.03   96.62   96.62   96.49   94.41   92.44   93.72   92.51   91.25   92.64   92.03   90.79   91.27   90.14   92.30   90.46   90.33   90.46   90.53   91.83   91.36   90.74   90.81   91.87   90.01   89.13   86.49   85.87   86.13   85.57   84.28   79.05   79.19
    10: Chlorocebus_aethiops              98.31   98.38   98.45   98.24   98.04   99.66   99.59   99.53   99.66  100.00   98.92   96.89   96.96   96.56   96.49   96.42   94.34   92.37   93.59   92.57   91.25   92.57   91.96   90.72   91.20   90.07   92.37   90.33   90.33   90.40   90.46   91.83   91.36   90.68   90.74   91.80   89.94   89.13   86.42   85.80   86.13   85.57   84.28   78.85   79.12
    11: Colobus_guereza                   97.77   97.84   97.91   97.70   97.64   98.99   98.92   98.85   98.99   98.92  100.00   96.49   96.42   96.15   96.22   96.01   93.87   91.90   92.98   91.90   90.46   92.17   91.49   90.31   90.80   89.74   91.83   90.05   90.05   90.19   90.12   91.36   90.88   90.20   90.41   91.46   89.60   88.93   86.15   85.39   85.86   85.37   83.88   78.71   78.71
    12: Aotus_nancymaae                   96.82   96.89   96.96   96.82   96.76   96.96   96.89   96.83   96.96   96.89   96.49  100.00   99.12   98.85   98.78   98.51   93.93   91.96   92.91   92.44   91.15   92.30   91.90   90.79   91.34   90.14   92.44   90.67   90.67   90.53   90.60   91.56   91.09   90.81   91.01   91.94   90.07   88.79   86.42   86.14   86.27   85.91   84.28   79.32   79.32
    13: Callithrix_jacchus                96.96   97.03   97.09   96.76   96.76   97.03   96.96   96.89   97.03   96.96   96.42   99.12  100.00   98.92   98.85   98.38   94.14   92.23   93.18   92.71   91.54   92.78   91.96   90.93   91.61   90.21   92.51   90.74   90.74   90.60   90.67   92.03   91.56   91.15   91.15   92.14   90.34   89.06   86.55   86.35   86.33   85.98   84.49   79.19   79.39
    14: Saimiri_boliviensis_boliviensis   96.62   96.69   96.76   96.49   96.49   96.62   96.56   96.49   96.62   96.56   96.15   98.85   98.92  100.00   98.72   98.11   93.87   92.10   93.11   92.57   91.45   92.30   91.69   90.59   91.14   89.87   92.23   90.40   90.40   90.33   90.33   91.56   91.09   90.81   91.01   92.01   90.14   88.79   86.62   86.21   86.27   86.04   84.28   79.19   79.19
    15: Callicebus_moloch                 96.62   96.69   96.76   96.49   96.62   96.55   96.49   96.55   96.62   96.49   96.22   98.78   98.85   98.72  100.00   98.31   93.72   91.82   92.84   92.36   91.04   92.16   91.49   90.58   90.86   89.80   92.23   90.32   90.32   90.18   90.25   91.35   90.81   90.60   90.87   91.59   90.14   88.85   86.21   86.00   85.99   86.03   84.20   78.97   79.24
    16: Ateles_geoffroyi                  96.28   96.35   96.42   96.22   96.35   96.49   96.42   96.49   96.49   96.42   96.01   98.51   98.38   98.11   98.31  100.00   93.59   91.35   92.50   92.03   90.35   91.76   91.42   90.31   91.00   89.66   91.76   89.84   89.84   89.71   89.78   91.08   90.27   90.20   90.20   91.25   89.39   88.45   86.07   85.86   85.85   85.69   83.80   78.63   78.90
    17: Equus_caballus                    94.27   94.34   94.54   94.20   94.20   94.41   94.34   94.41   94.41   94.34   93.87   93.93   94.14   93.87   93.72   93.59  100.00   94.75   93.80   93.05   91.93   93.39   93.94   92.64   93.31   91.69   93.12   92.02   91.96   92.16   92.02   92.98   92.51   92.02   92.09   93.17   91.08   90.33   87.59   87.33   87.24   86.88   85.37   80.10   80.10
    18: Sus_scrofa                        92.36   92.43   92.64   92.16   92.09   92.44   92.37   92.30   92.44   92.37   91.90   91.96   92.23   92.10   91.82   91.35   94.75  100.00   91.83   91.36   90.17   91.36   92.04   91.07   91.21   90.42   90.95   93.46   93.40   93.60   93.46   91.16   91.23   90.61   90.34   91.46   89.68   88.26   85.89   85.81   86.00   85.71   83.89   79.07   79.13
    19: Microcebus_murinus                93.65   93.72   93.78   93.31   93.31   93.72   93.65   93.59   93.72   93.59   92.98   92.91   93.18   93.11   92.84   92.50   93.80   91.83  100.00   96.76   96.36   95.14   91.96   91.06   91.75   90.41   92.30   90.67   90.60   90.60   90.53   91.76   91.36   90.88   91.08   92.08   90.01   89.13   86.62   86.14   86.47   85.57   84.55   79.46   79.93
    20: Lemur_catta                       92.77   92.84   92.91   92.70   92.50   92.51   92.44   92.37   92.51   92.57   91.90   92.44   92.71   92.57   92.36   92.03   93.05   91.36   96.76  100.00   99.12   94.67   91.09   90.38   90.73   89.33   91.69   90.12   90.19   90.26   90.19   91.63   91.02   90.68   90.47   91.46   89.80   88.79   86.22   86.21   86.33   85.57   83.88   78.78   79.19
    21: Eulemur_macaco_macaco             91.54   91.63   91.63   91.44   91.14   91.15   91.05   90.95   91.25   91.25   90.46   91.15   91.54   91.45   91.04   90.35   91.93   90.17   96.36   99.12  100.00   93.81   90.07   89.67   89.94   88.40   90.66   89.35   89.35   88.86   89.05   90.76   90.07   90.06   90.26   91.21   88.89   87.71   85.04   85.22   84.71   84.49   82.51   78.44   78.14
    22: Otolemur_garnettii                92.84   92.91   92.97   92.57   92.50   92.64   92.57   92.51   92.64   92.57   92.17   92.30   92.78   92.30   92.16   91.76   93.39   91.36   95.14   94.67   93.81  100.00   91.83   90.79   91.27   90.01   92.03   90.60   90.67   90.46   90.46   91.96   91.42   90.95   90.88   91.67   90.01   88.99   85.95   85.67   85.99   85.43   83.88   78.92   79.59
    23: Mustela_putorius_furo             92.03   92.09   92.23   92.03   91.89   92.03   91.96   91.90   92.03   91.96   91.49   91.90   91.96   91.69   91.49   91.42   93.94   92.04   91.96   91.09   90.07   91.83  100.00   95.23   94.26   92.52   91.36   90.47   90.47   90.33   90.27   90.89   90.96   90.28   90.34   90.92   89.07   88.26   86.16   86.15   85.80   85.24   84.50   78.79   79.54
    24: Ailuropoda_melanoleuca            90.65   90.72   90.85   90.72   90.58   90.79   90.72   90.65   90.79   90.72   90.31   90.79   90.93   90.59   90.58   90.31   92.64   91.07   91.06   90.38   89.67   90.79   95.23  100.00   94.07   92.57   90.65   89.13   89.13   89.13   89.00   90.25   89.84   90.38   89.35   89.73   88.62   87.46   85.95   85.94   85.52   84.75   83.99   78.17   78.78
    25: Felis_catus                       91.27   91.33   91.60   91.40   91.20   91.27   91.20   91.14   91.27   91.20   90.80   91.34   91.61   91.14   90.86   91.00   93.31   91.21   91.75   90.73   89.94   91.27   94.26   94.07  100.00   92.91   90.93   89.77   89.70   89.90   89.63   91.08   90.67   90.60   90.05   90.69   88.64   88.03   86.06   85.30   85.77   85.35   84.46   78.77   79.24
    26: Canis_lupus_familiaris            90.34   90.41   90.54   90.20   90.07   90.14   90.07   90.01   90.14   90.07   89.74   90.14   90.21   89.87   89.80   89.66   91.69   90.42   90.41   89.33   88.40   90.01   92.52   92.57   92.91  100.00   89.67   88.90   88.90   89.24   89.11   89.14   89.68   89.26   88.85   89.00   87.99   86.77   84.40   84.04   84.25   83.89   82.26   78.18   78.12
    27: Oryctolagus_cuniculus             92.30   92.36   92.50   92.30   92.09   92.30   92.23   92.17   92.30   92.37   91.83   92.44   92.51   92.23   92.23   91.76   93.12   90.95   92.30   91.69   90.66   92.03   91.36   90.65   90.93   89.67  100.00   89.65   89.71   89.65   89.51   91.42   90.75   90.00   90.95   91.26   88.79   88.25   86.22   85.87   86.27   85.77   84.28   80.20   80.07
    28: Muntiacus_reevesi                 90.66   90.73   90.87   90.39   90.39   90.46   90.40   90.33   90.46   90.33   90.05   90.67   90.74   90.40   90.32   89.84   92.02   93.46   90.67   90.12   89.35   90.60   90.47   89.13   89.77   88.90   89.65  100.00   99.80   98.09   97.96   90.33   89.58   89.24   89.09   89.52   87.54   86.79   84.81   84.38   84.58   84.43   82.72   77.92   77.58
    29: Muntiacus_muntjak                 90.66   90.73   90.87   90.39   90.39   90.33   90.26   90.19   90.33   90.33   90.05   90.67   90.74   90.40   90.32   89.84   91.96   93.40   90.60   90.19   89.35   90.67   90.47   89.13   89.70   88.90   89.71   99.80  100.00   98.16   98.03   90.40   89.65   89.31   89.09   89.52   87.54   86.86   84.88   84.45   84.52   84.36   82.72   77.79   77.51
    30: Bos_taurus                        90.80   90.87   91.00   90.66   90.52   90.46   90.40   90.33   90.46   90.40   90.19   90.53   90.60   90.33   90.18   89.71   92.16   93.60   90.60   90.26   88.86   90.46   90.33   89.13   89.90   89.24   89.65   98.09   98.16  100.00   98.37   90.20   89.58   89.31   89.09   89.73   87.61   86.93   85.42   85.00   84.86   84.56   82.65   78.13   77.65
    31: Ovis_aries                        90.87   90.93   91.07   90.59   90.59   90.53   90.46   90.40   90.53   90.46   90.12   90.60   90.67   90.33   90.25   89.78   92.02   93.46   90.53   90.19   89.05   90.46   90.27   89.00   89.63   89.11   89.51   97.96   98.03   98.37  100.00   90.20   89.72   89.78   88.96   89.80   87.47   86.73   85.08   84.65   84.72   84.56   82.79   77.92   77.65
    32: Atelerix_albiventris              91.89   91.96   92.09   91.62   91.49   91.83   91.76   91.69   91.83   91.83   91.36   91.56   92.03   91.56   91.35   91.08   92.98   91.16   91.76   91.63   90.76   91.96   90.89   90.25   91.08   89.14   91.42   90.33   90.40   90.20   90.20  100.00   90.76   90.75   90.00   90.85   89.34   88.26   86.63   86.22   86.00   85.65   83.34   78.18   78.46
    33: Dasypus_novemcinctus              91.55   91.62   91.76   91.28   91.15   91.36   91.29   91.22   91.36   91.36   90.88   91.09   91.56   91.09   90.81   90.27   92.51   91.23   91.36   91.02   90.07   91.42   90.96   89.84   90.67   89.68   90.75   89.58   89.65   89.58   89.72   90.76  100.00   90.34   89.46   90.23   89.34   87.38   85.62   84.92   85.06   84.43   83.28   78.18   79.34
    34: Loxodonta_africana                91.08   91.28   91.28   90.87   90.74   90.74   90.68   90.61   90.74   90.68   90.20   90.81   91.15   90.81   90.60   90.20   92.02   90.61   90.88   90.68   90.06   90.95   90.28   90.38   90.60   89.26   90.00   89.24   89.31   89.31   89.78   90.75   90.34  100.00   89.59   90.64   87.85   87.51   86.22   85.80   85.93   84.89   83.13   77.76   78.17
    35: Cavia_porcellus                   90.87   90.94   91.01   90.80   90.67   90.81   90.74   90.68   90.81   90.74   90.41   91.01   91.15   91.01   90.87   90.20   92.09   90.34   91.08   90.47   90.26   90.88   90.34   89.35   90.05   88.85   90.95   89.09   89.09   89.09   88.96   90.00   89.46   89.59  100.00   94.13   87.77   87.30   85.33   85.31   84.77   84.68   82.85   80.46   80.53
    36: Heterocephalus_glaber             92.00   92.07   92.14   91.73   91.73   91.87   91.80   91.73   91.87   91.80   91.46   91.94   92.14   92.01   91.59   91.25   93.17   91.46   92.08   91.46   91.21   91.67   90.92   89.73   90.69   89.00   91.26   89.52   89.52   89.73   89.80   90.85   90.23   90.64   94.13  100.00   88.39   88.25   86.12   85.82   85.63   85.47   83.76   80.11   80.11
    37: Rhinolophus_ferrumequinum         90.00   90.07   90.20   89.93   90.07   90.01   89.94   90.01   90.01   89.94   89.60   90.07   90.34   90.14   90.14   89.39   91.08   89.68   90.01   89.80   88.89   90.01   89.07   88.62   88.64   87.99   88.79   87.54   87.54   87.61   87.47   89.34   89.34   87.85   87.77   88.39  100.00   88.06   84.20   84.11   84.31   83.95   82.60   76.49   77.24
    38: Carollia_perspicillata            88.99   89.05   89.19   88.92   88.99   89.13   89.06   89.13   89.13   89.13   88.93   88.79   89.06   88.79   88.85   88.45   90.33   88.26   89.13   88.79   87.71   88.99   88.26   87.46   88.03   86.77   88.25   86.79   86.86   86.93   86.73   88.26   87.38   87.51   87.30   88.25   88.06  100.00   83.05   82.67   82.62   82.60   81.86   76.49   76.83
    39: Didelphis_virginiana              86.68   86.82   86.88   86.41   86.27   86.49   86.42   86.35   86.49   86.42   86.15   86.42   86.55   86.62   86.21   86.07   87.59   85.89   86.62   86.22   85.04   85.95   86.16   85.95   86.06   84.40   86.22   84.81   84.88   85.42   85.08   86.63   85.62   86.22   85.33   86.12   84.20   83.05  100.00   96.18   93.98   93.36   84.28   77.02   76.34
    40: Monodelphis_domestica             86.00   86.13   86.20   85.72   85.66   85.87   85.80   85.73   85.87   85.80   85.39   86.14   86.35   86.21   86.00   85.86   87.33   85.81   86.14   86.21   85.22   85.67   86.15   85.94   85.30   84.04   85.87   84.38   84.45   85.00   84.65   86.22   84.92   85.80   85.31   85.82   84.11   82.67   96.18  100.00   93.24   93.10   84.19   76.10   76.10
    41: Macropus_eugenii                  86.53   86.53   86.66   86.26   86.12   86.13   86.06   85.99   86.13   86.13   85.86   86.27   86.33   86.27   85.99   85.85   87.24   86.00   86.47   86.33   84.71   85.99   85.80   85.52   85.77   84.25   86.27   84.58   84.52   84.86   84.72   86.00   85.06   85.93   84.77   85.63   84.31   82.62   93.98   93.24  100.00   95.06   83.86   76.85   76.92
    42: Trichosurus_vulpecula             85.97   86.03   86.10   85.63   85.69   85.57   85.50   85.50   85.57   85.57   85.37   85.91   85.98   86.04   86.03   85.69   86.88   85.71   85.57   85.57   84.49   85.43   85.24   84.75   85.35   83.89   85.77   84.43   84.36   84.56   84.56   85.65   84.43   84.89   84.68   85.47   83.95   82.60   93.36   93.10   95.06  100.00   83.50   75.73   76.07
    43: Ornithorhynchus_anatinus          83.93   84.07   84.14   84.00   84.14   84.28   84.21   84.21   84.28   84.28   83.88   84.28   84.49   84.28   84.20   83.80   85.37   83.89   84.55   83.88   82.51   83.88   84.50   83.99   84.46   82.26   84.28   82.72   82.72   82.65   82.79   83.34   83.28   83.13   82.85   83.76   82.60   81.86   84.28   84.19   83.86   83.50  100.00   75.53   75.66
    44: Rattus_norvegicus                 79.04   79.04   79.17   78.90   79.04   79.05   78.98   79.05   79.05   78.85   78.71   79.32   79.19   79.19   78.97   78.63   80.10   79.07   79.46   78.78   78.44   78.92   78.79   78.17   78.77   78.18   80.20   77.92   77.79   78.13   77.92   78.18   78.18   77.76   80.46   80.11   76.49   76.49   77.02   76.10   76.85   75.73   75.53  100.00   90.58
    45: Mus_musculus                      78.77   78.77   78.90   78.83   78.77   79.19   79.12   79.19   79.19   79.12   78.71   79.32   79.39   79.19   79.24   78.90   80.10   79.13   79.93   79.19   78.14   79.59   79.54   78.78   79.24   78.12   80.07   77.58   77.51   77.65   77.65   78.46   79.34   78.17   80.53   80.11   77.24   76.83   76.34   76.10   76.92   76.07   75.66   90.58  100.00
